No. Train: 89,   No. Unseen: 0,  No. Passed: 21
Programs included in system: [55, 52, 19, 72, 82, 16, 26, 23, 62, 109, 36, 95, 76, 91, 71, 79, 15, 67, 18, 59, 74, 65, 81, 103, 100, 42, 92, 3, 2, 32, 94, 22, 101, 8, 70, 75, 66, 41, 60, 87, 57, 69, 108, 25, 86, 88, 68, 93, 53, 35, 9, 46, 97, 83, 7, 102, 104, 34, 49, 78, 44, 90, 80, 106, 31, 4, 29, 85, 30, 28, 17, 105, 98, 48, 1, 73, 12, 10, 5, 77, 96, 84, 0, 27, 64, 47, 99, 43, 37]
Programs predicted successfully: [33, 39, 6, 56, 89, 50, 51, 24, 13, 63, 20, 40, 45, 21, 58, 107, 54, 11, 61, 38, 14]
Verify Time: 371.2986624240876
GA Time: 846632.9021453857
Train Time: 1122.7999584674835
Sum: 848127.0007662773
NN Improvement to O3: 12.975134528576863 [4.418869409034552, 2.6111382796026783, 11.627421538548063, 7.949820374793666, 3.1077553164512275, 2.8927092131052734, 11.657377832493285, 2.859292978500603, 23.21614884846689, 22.43597326245224, 20.974705814837, 9.394003534171985, 18.301560340405402, 14.976403470370453, 5.297955268745187, 10.826736227266503, 29.672164704650882, 14.062284222868431, 2.51323623985089, 38.41734982020209, 15.264918403296768]
GA Improvement to O3: 7.32836222525675
GA Improvement to O3: 8.41


Train Epoch: 100 [6400	/6806 (93%)] 	Loss: 0.507319
Train Epoch: 100 Acc: 76.8
Test set: Average loss: 2.4342, Accuracy: 39.0/82 (47.6%), True positive: 0.0
No. Train: 83,   No. Unseen: 0,  No. Passed: 27
Programs included in system: [61, 104, 64, 97, 98, 26, 85, 89, 21, 108, 52, 80, 93, 68, 76, 41, 105, 22, 101, 69, 23, 70, 44, 19, 71, 50, 49, 0, 72, 38, 57, 2, 90, 78, 84, 25, 11, 6, 10, 75, 106, 31, 81, 9, 1, 7, 30, 79, 100, 63, 109, 8, 62, 59, 43, 103, 102, 5, 18, 60, 3, 73, 34, 74, 4, 56, 86, 92, 88, 17, 48, 77, 94, 36, 67, 96, 99, 65, 95, 87, 46, 66, 83]
Programs predicted successfully: [40, 82, 27, 55, 35, 16, 14, 15, 24, 107, 53, 91, 58, 37, 28, 42, 39, 29, 13, 12, 47, 51, 20, 45, 32, 33, 54]
Verify Time: 546.2692896525065
GA Time: 748118.3378696442
Train Time: 942.7077317237854
Sum: 749607.3148910204
NN Improvement to O3: 12.619552190087367 [39.47617377811333, 20.687733601209484, 18.957757320879054, 5.062434004252752, 3.320380879641234, 13.781007784385826, 10.252104116723213, 5.320405457731102, 4.363510342051472, 10.822572367178948, 4.367676593638917, 7.322717244704763, 8.071652191689346, 7.0858401834674, 5.585060096825576, 14.879564190087411, 2.759527142062502, 17.16001612627315, 27.59938218490689, 19.670315721594015, 31.675396486633385, 12.336020189710593, 20.97490952670786, 15.810964159184412, 3.826066337904593, 4.0922270877706035, 5.466494017031065]
GA Improvement to O3: 7.405769709360859 [39.14202513430127, 0.8954225739431879, 0.5914885333442566, 4.71494334605795, 0.0, 5.175425159024745, 19.8188726788914, 10.475942539452655, 4.484383007972841, 1.3445788014617166, 13.05310814074903, 3.508865723231986, 3.270270323058217, 16.277389160934334, 0.5695655342315388, 6.4307857053256985, 7.5211973954159115, 0.0, 0.0, 0.5165498380097849, 1.599305914521782, 1.3385616605397606, 1.6635439024369358, 3.244471757906084, 1.984093779037323, 4.330830278813925, 1.066320345037678, 38.82752075619067, 3.241999966264927, 0.5889856492222268, 0.0, 6.286113444806316, 3.718945484139489, 1.6959526837726064, 15.877655837909833, 14.380459513552966, 0.0, 0.5144440228105845, 12.635757264879137, 2.9900572858365706, 4.053054938976993, 0.6922207982166444, 0.8504137825367296, 9.53670011371135, 4.0273457110838065, 3.0283810353949554, 0.8508699783399498, 6.2933054575467615, 1.7318257570439852, 23.90995078123508, 0.0, 40.961410272849186, 18.8843610929552, 4.756706264948469, 1.4693398364502306, 2.8665916244696508, 21.06360051631555, 13.282708498329914, 2.230319210307013, 4.569509008989144, 4.593501968623522, 3.464552965058192, 0.5294907726899998, 10.023763289612871, 1.4356905446255346, 0.6332050369508337, 1.2145325964754918, 33.06263810877436, 22.00171975174427, 21.125328349738247, 0.8367913975865908, 14.328398313513233, 5.392156436178963, 2.3696628738317798, 0.6735247857369628, 0.7429203492866027, 1.2954863649521207, 55.5913255795277, 0.511269035885067, 0.592232447624291, 0.6147076670270335]
All Improvement to O3: 8.709215329542486 [39.47617377811333, 20.687733601209484, 18.957757320879054, 5.062434004252752, 3.320380879641234, 13.781007784385826, 10.252104116723213, 5.320405457731102, 4.363510342051472, 10.822572367178948, 4.367676593638917, 7.322717244704763, 8.071652191689346, 7.0858401834674, 5.585060096825576, 14.879564190087411, 2.759527142062502, 17.16001612627315, 27.59938218490689, 19.670315721594015, 31.675396486633385, 12.336020189710593, 20.97490952670786, 15.810964159184412, 3.826066337904593, 4.0922270877706035, 5.466494017031065, 39.14202513430127, 0.8954225739431879, 0.5914885333442566, 4.71494334605795, 0.0, 5.175425159024745, 19.8188726788914, 10.475942539452655, 4.484383007972841, 1.3445788014617166, 13.05310814074903, 3.508865723231986, 3.270270323058217, 16.277389160934334, 0.5695655342315388, 6.4307857053256985, 7.5211973954159115, 0.0, 0.0, 0.5165498380097849, 1.599305914521782, 1.3385616605397606, 1.6635439024369358, 3.244471757906084, 1.984093779037323, 4.330830278813925, 1.066320345037678, 38.82752075619067, 3.241999966264927, 0.5889856492222268, 0.0, 6.286113444806316, 3.718945484139489, 1.6959526837726064, 15.877655837909833, 14.380459513552966, 0.0, 0.5144440228105845, 12.635757264879137, 2.9900572858365706, 4.053054938976993, 0.6922207982166444, 0.8504137825367296, 9.53670011371135, 4.0273457110838065, 3.0283810353949554, 0.8508699783399498, 6.2933054575467615, 1.7318257570439852, 23.90995078123508, 0.0, 40.961410272849186, 18.8843610929552, 4.756706264948469, 1.4693398364502306, 2.8665916244696508, 21.06360051631555, 13.282708498329914, 2.230319210307013, 4.569509008989144, 4.593501968623522, 3.464552965058192, 0.5294907726899998, 10.023763289612871, 1.4356905446255346, 0.6332050369508337, 1.2145325964754918, 33.06263810877436, 22.00171975174427, 21.125328349738247, 0.8367913975865908, 14.328398313513233, 5.392156436178963, 2.3696628738317798, 0.6735247857369628, 0.7429203492866027, 1.2954863649521207, 55.5913255795277, 0.511269035885067, 0.592232447624291, 0.6147076670270335]


hc@hc-X811:~/pass_sequence_optimizer/py_src$ python3 classifier_nn_growing.py
using CUDA
learning rate 0.001

Train Epoch: 100 [7680	/8010 (95%)] 	Loss: 0.448573
Train Epoch: 100 Acc: 76.3
Test set: Average loss: 0.3683, Accuracy: 78.0/89 (87.6%), True positive: 0.0
No. Train: 90,   No. Unseen: 0,  No. Passed: 20
Programs included in system: [62, 78, 77, 67, 68, 36, 29, 69, 96, 23, 42, 2, 102, 59, 88, 87, 18, 49, 9, 32, 13, 4, 92, 105, 70, 99, 97, 52, 15, 44, 31, 81, 100, 50, 74, 33, 8, 1, 109, 35, 89, 53, 83, 37, 24, 79, 46, 47, 17, 80, 101, 30, 71, 60, 45, 94, 66, 90, 75, 19, 38, 108, 86, 64, 72, 16, 93, 41, 39, 95, 10, 0, 26, 98, 58, 106, 76, 25, 48, 5, 85, 56, 3, 34, 57, 73, 7, 40, 103, 84]
Programs predicted successfully: [21, 104, 20, 55, 54, 28, 107, 61, 91, 82, 65, 12, 63, 14, 6, 43, 22, 51, 11, 27]
Verify Time: 730.7989697456359
GA Time: 896734.4753742218
Train Time 1162.8150260448456s (0.323004173901346h 19.38025043408076m)
Sum: 898628.0893700123
NN Improvement to O3: 10.244885926292408 [6.905951281117849, 5.682249298328138, 20.836996590134895, 2.9540806178866506, 5.479143445872213, 5.016492924994495, 10.839950560485544, 2.9300055868885906, 11.582345813173985, 17.77627248217598, 14.496539179573492, 7.657331183389049, 18.558309813751393, 8.573402025435051, 12.038042475310808, 4.582569400477518, 3.9389795936136722, 10.682497829610169, 12.007385169644442, 22.359173253984277]
GA Improvement to O3: 8.116123776796446 [21.125328349738247, 5.392156436178963, 3.508865723231986, 14.328398313513233, 4.756859775556476, 0.0, 2.3696628738317798, 0.0, 3.640845268102403, 0.5889856492222268, 1.4693398364502306, 40.961410272849186, 1.2145325964754918, 55.5913255795277, 21.06360051631555, 1.984093779037323, 0.6922207982166444, 0.0, 28.925916672958, 0.5294907726899998, 0.6332050369508337, 0.5695655342315388, 0.5165498380097849, 0.6735247857369628, 0.8954225739431879, 4.484383007972841, 3.9774872580116893, 1.599305914521782, 2.9900572858365706, 4.053054938976993, 0.8508699783399498, 3.244471757906084, 3.464552965058192, 4.4749578790094375, 23.90995078123508, 0.8504137825367296, 1.7318257570439852, 8.06294122729101, 5.175425159024745, 6.957492484366778, 0.6147076670270335, 0.0, 5.085085116016367, 3.0283810353949554, 0.511269035885067, 26.718469183376573, 33.06263810877436, 1.3445788014617166, 7.5211973954159115, 4.0273457110838065, 1.6635439024369358, 13.282708498329914, 19.6497069473102, 0.8367913975865908, 0.592232447624291, 0.0, 0.5144440228105845, 1.3385616605397606, 38.82752075619067, 10.475942539452655, 1.4356905446255346, 39.14202513430127, 1.066320345037678, 15.314736198562564, 13.05310814074903, 16.277389160934334, 3.205147584289997, 1.2954863649521207, 0.0, 4.330830278813925, 4.71494334605795, 0.5914885333442566, 25.84124378662068, 12.635757264879137, 3.270270323058217, 1.6959526837726064, 22.00171975174427, 2.8665916244696508, 0.0, 10.023763289612871, 2.230319210307013, 4.593501968623522, 3.241999966264927, 4.569509008989144, 9.53670011371135, 46.45513059866032, 4.756706264948469, 3.718945484139489]
All Improvement to O3: 8.510338989666069 [6.905951281117849, 5.682249298328138, 20.836996590134895, 2.9540806178866506, 5.479143445872213, 5.016492924994495, 10.839950560485544, 2.9300055868885906, 11.582345813173985, 17.77627248217598, 14.496539179573492, 7.657331183389049, 18.558309813751393, 8.573402025435051, 12.038042475310808, 4.582569400477518, 3.9389795936136722, 10.682497829610169, 12.007385169644442, 22.359173253984277, 21.125328349738247, 5.392156436178963, 3.508865723231986, 14.328398313513233, 4.756859775556476, 0.0, 2.3696628738317798, 0.0, 3.640845268102403, 0.5889856492222268, 1.4693398364502306, 40.961410272849186, 1.2145325964754918, 55.5913255795277, 21.06360051631555, 1.984093779037323, 0.6922207982166444, 0.0, 28.925916672958, 0.5294907726899998, 0.6332050369508337, 0.5695655342315388, 0.5165498380097849, 0.6735247857369628, 0.8954225739431879, 4.484383007972841, 3.9774872580116893, 1.599305914521782, 2.9900572858365706, 4.053054938976993, 0.8508699783399498, 3.244471757906084, 3.464552965058192, 4.4749578790094375, 23.90995078123508, 0.8504137825367296, 1.7318257570439852, 8.06294122729101, 5.175425159024745, 6.957492484366778, 0.6147076670270335, 0.0, 5.085085116016367, 3.0283810353949554, 0.511269035885067, 26.718469183376573, 33.06263810877436, 1.3445788014617166, 7.5211973954159115, 4.0273457110838065, 1.6635439024369358, 13.282708498329914, 19.6497069473102, 0.8367913975865908, 0.592232447624291, 0.0, 0.5144440228105845, 1.3385616605397606, 38.82752075619067, 10.475942539452655, 1.4356905446255346, 39.14202513430127, 1.066320345037678, 15.314736198562564, 13.05310814074903, 16.277389160934334, 3.205147584289997, 1.2954863649521207, 0.0, 4.330830278813925, 4.71494334605795, 0.5914885333442566, 25.84124378662068, 12.635757264879137, 3.270270323058217, 1.6959526837726064, 22.00171975174427, 2.8665916244696508, 0.0, 10.023763289612871, 2.230319210307013, 4.593501968623522, 3.241999966264927, 4.569509008989144, 9.53670011371135, 46.45513059866032, 4.756706264948469, 3.718945484139489]
hc@hc-X811:~/pass_sequence_optimizer/py_src$ python3 classifier_nn_growing.py
using CUDA
learning rate 0.001

Train Epoch: 100 [6400	/7482 (85%)] 	Loss: 0.520839
Train Epoch: 100 Acc: 75.4
Test set: Average loss: 3.4965, Accuracy: 12.0/87 (13.8%), True positive: 4.0
No. Train: 87,   No. Unseen: 0,  No. Passed: 23
Programs included in system: [50, 57, 39, 53, 42, 38, 9, 83, 4, 20, 10, 97, 78, 64, 89, 8, 99, 56, 81, 108, 76, 36, 70, 109, 87, 52, 5, 59, 71, 86, 96, 7, 88, 82, 106, 92, 73, 95, 30, 41, 67, 94, 47, 22, 69, 1, 60, 85, 18, 98, 31, 0, 44, 80, 74, 91, 23, 72, 40, 43, 63, 29, 100, 25, 66, 2, 46, 84, 45, 32, 68, 19, 101, 65, 93, 34, 49, 90, 103, 37, 35, 3, 15, 17, 77, 75, 105]
Programs predicted successfully: [102, 12, 21, 79, 33, 26, 13, 11, 61, 16, 54, 104, 55, 48, 27, 107, 6, 51, 14, 24, 28, 58, 62]
Verify Time: 581.0005243619282
GA Time: 884462.6314640045
Train Time: 1068.244820356369
Sum 886111.8768087229s (246.142188002423h 8.531280145380151m)
NN Improvement to O3: 11.986497214032871 [2.8767796004002517, 25.854603250682285, 10.41621488173179, 9.518652402659338, 4.614749896684359, 29.321426141730377, 23.21614884846689, 14.562737769543501, 2.51323623985089, 13.781007784385826, 5.463537521250061, 5.748565328098812, 4.485352678712429, 8.946263084054515, 22.359173253984277, 10.821897797753, 12.556205003043491, 10.502633818362995, 15.264918403296768, 2.684218701773906, 17.541252556941014, 17.807655036466993, 4.832205922882289]
GA Improvement to O3: 8.03550132365377 [3.205147584289997, 6.957492484366778, 3.640845268102403, 38.82752075619067, 0.6922207982166444, 0.6147076670270335, 0.5294907726899998, 21.51954000385073, 0.0, 0.8954225739431879, 6.286113444806316, 39.14202513430127, 5.175425159024745, 23.90995078123508, 0.6735247857369628, 10.023763289612871, 4.053054938976993, 10.475942539452655, 3.270270323058217, 14.328398313513233, 0.5165498380097849, 1.7318257570439852, 55.5913255795277, 4.484383007972841, 2.8665916244696508, 40.961410272849186, 1.6635439024369358, 1.4356905446255346, 2.3696628738317798, 9.53670011371135, 1.2145325964754918, 15.336380665841327, 12.635757264879137, 0.6332050369508337, 4.569509008989144, 1.2954863649521207, 4.0273457110838065, 16.277389160934334, 5.392156436178963, 0.8367913975865908, 26.718469183376573, 6.4307857053256985, 0.0, 0.8504137825367296, 13.282708498329914, 0.0, 21.06360051631555, 0.5914885333442566, 2.9900572858365706, 4.330830278813925, 1.599305914521782, 1.3445788014617166, 3.464552965058192, 10.64810877985595, 0.0, 1.066320345037678, 46.45513059866032, 18.8843610929552, 6.2933054575467615, 4.756859775556476, 0.8508699783399498, 1.6959526837726064, 0.592232447624291, 0.5889856492222268, 0.511269035885067, 3.718945484139489, 19.6497069473102, 0.0, 3.508865723231986, 1.3385616605397606, 7.5211973954159115, 0.7429203492866027, 13.05310814074903, 4.593501968623522, 1.984093779037323, 0.0, 4.756706264948469, 0.0, 8.06294122729101, 2.230319210307013, 3.9774872580116893, 33.06263810877436, 21.125328349738247, 0.5144440228105845, 0.5695655342315388]
All Improvement to O3: 8.876917115123392 [2.8767796004002517, 25.854603250682285, 10.41621488173179, 9.518652402659338, 4.614749896684359, 29.321426141730377, 23.21614884846689, 14.562737769543501, 2.51323623985089, 13.781007784385826, 5.463537521250061, 5.748565328098812, 4.485352678712429, 8.946263084054515, 22.359173253984277, 10.821897797753, 12.556205003043491, 10.502633818362995, 15.264918403296768, 2.684218701773906, 17.541252556941014, 17.807655036466993, 4.832205922882289, 3.205147584289997, 6.957492484366778, 3.640845268102403, 38.82752075619067, 0.6922207982166444, 0.6147076670270335, 0.5294907726899998, 21.51954000385073, 0.0, 0.8954225739431879, 6.286113444806316, 39.14202513430127, 5.175425159024745, 23.90995078123508, 0.6735247857369628, 10.023763289612871, 4.053054938976993, 10.475942539452655, 3.270270323058217, 14.328398313513233, 0.5165498380097849, 1.7318257570439852, 55.5913255795277, 4.484383007972841, 2.8665916244696508, 40.961410272849186, 1.6635439024369358, 1.4356905446255346, 2.3696628738317798, 9.53670011371135, 1.2145325964754918, 15.336380665841327, 12.635757264879137, 0.6332050369508337, 4.569509008989144, 1.2954863649521207, 4.0273457110838065, 16.277389160934334, 5.392156436178963, 0.8367913975865908, 26.718469183376573, 6.4307857053256985, 0.0, 0.8504137825367296, 13.282708498329914, 0.0, 21.06360051631555, 0.5914885333442566, 2.9900572858365706, 4.330830278813925, 1.599305914521782, 1.3445788014617166, 3.464552965058192, 10.64810877985595, 0.0, 1.066320345037678, 46.45513059866032, 18.8843610929552, 6.2933054575467615, 4.756859775556476, 0.8508699783399498, 1.6959526837726064, 0.592232447624291, 0.5889856492222268, 0.511269035885067, 3.718945484139489, 19.6497069473102, 0.0, 3.508865723231986, 1.3385616605397606, 7.5211973954159115, 0.7429203492866027, 13.05310814074903, 4.593501968623522, 1.984093779037323, 0.0, 4.756706264948469, 0.0, 8.06294122729101, 2.230319210307013, 3.9774872580116893, 33.06263810877436, 21.125328349738247, 0.5144440228105845, 0.5695655342315388]
